.Random.seed <-
c(403L, 10L, 1317493215L, -1988919883L, -1987163316L, -587781726L, 
1037527293L, -1379518985L, -1613376738L, 1968459224L, 1626449723L, 
-1820651303L, -598655896L, -1204420202L, -1887354607L, -1864928573L, 
-1603040558L, 995097444L, 412053159L, -1297426435L, -2121723404L, 
1913528026L, 101048357L, 1475996991L, -1133223226L, 2112016208L, 
-575647885L, 996888977L, 1205371840L, -1508366946L, -1619142807L, 
-1383967845L, -402269526L, -1655327540L, -954970737L, -881284667L, 
1731841404L, 137016786L, 742576461L, 79057927L, -719215634L, 
1846225608L, 1624245707L, -1473601495L, 1212089976L, -1261288538L, 
933856705L, 1090044499L, 1971030274L, -1442103244L, 29129143L, 
410054061L, -730749244L, -359019798L, -1520358059L, -40672529L, 
-382500618L, 62709792L, -891526685L, -1127357823L, -173667088L, 
443499406L, 2041380089L, -811252085L, 118945466L, 946469308L, 
-1146868993L, -1460941227L, -205629076L, 1808583106L, -248454627L, 
1482177175L, -1833167874L, -161386568L, 115819419L, 1702087161L, 
1112217928L, -1421220746L, 527937969L, 1235902435L, 456326322L, 
-1856663292L, 1787484743L, -1141826275L, 359230356L, -1923211462L, 
-2018212987L, 1308112991L, -383808794L, -1229344400L, -1177232749L, 
90440497L, 1237639648L, 950294142L, -20423415L, 1605021499L, 
-1876564214L, -68512020L, 1463092079L, -1870187355L, -683776420L, 
657354290L, 1596493101L, 746470375L, -1947944178L, 666991848L, 
-1562077461L, -624789623L, 1634681624L, 1841649222L, -2106571103L, 
-1769993933L, -1562548062L, -239392876L, -334690793L, -999050739L, 
935020324L, -2010119414L, -1532670347L, -1694388785L, -1077651754L, 
1730632320L, -882408253L, -85990815L, -1574077744L, -1508156370L, 
870904281L, 179498475L, 1471998042L, -437442020L, 1228851999L, 
1226784629L, 300541452L, -1746747422L, 765494461L, 583009079L, 
-2004112418L, -831887080L, 355507323L, -1343061479L, -1034427736L, 
-317929386L, 1834337489L, -140722045L, -1869753582L, 736609956L, 
-1152421273L, -556471363L, -192395980L, -2099528038L, 2015333605L, 
-1878282625L, 1654175750L, 53640080L, 233375283L, 1545541073L, 
-1067030656L, 1533049438L, -981655127L, -1649635237L, -51787670L, 
-885036788L, 1586668367L, 407404549L, 1746067132L, -943032430L, 
646718605L, 1161200327L, 1765307310L, 1542630920L, -193953269L, 
-246394135L, 1504468408L, 1407228518L, 1172956929L, 1779683731L, 
-497194430L, -1413677580L, 326977527L, 335690733L, 2107479172L, 
1938983594L, 981557269L, 1712687279L, -1214150986L, 978408672L, 
-1652918237L, -1982863551L, 1338870320L, -954230706L, 645253305L, 
-1847853877L, 2032189818L, 1227947132L, -1031440193L, 1616498069L, 
1292668332L, 2140653442L, -2098770595L, 67028055L, -586456258L, 
659917688L, -617240485L, 392097721L, -174510584L, -1645249354L, 
2095508465L, -872802781L, -968309134L, 1243421892L, -1950426489L, 
-267824547L, 148657236L, 2070429306L, -340836923L, -110608609L, 
-423236954L, -387888080L, -1601245485L, -1825927951L, -354432992L, 
16232126L, -565392695L, -190693253L, 357432906L, -1551504724L, 
765648303L, -99373723L, 533674780L, -200934456L, -1036073798L, 
1748438928L, -1088471572L, -1158553516L, -1852731758L, 83317536L, 
1685214668L, -80258080L, -697791806L, 754534952L, -29186388L, 
698886844L, -1318880782L, 362039600L, 748231844L, -1457812808L, 
-124456102L, 415724944L, 1414480252L, -1932110572L, 476492098L, 
1739635456L, 1979530172L, 1363927888L, 843634978L, -154616504L, 
-1893480436L, 2078982236L, -1312256814L, 1704585216L, -715891884L, 
743664104L, -477667334L, -1266082096L, 503493932L, -228994828L, 
412850066L, 721435744L, 213429516L, -1766580512L, -2103493278L, 
-662605144L, -1483929012L, -849860740L, 104725298L, -2058688912L, 
-110482108L, -1112040488L, 2046574714L, 1026242096L, -1761037636L, 
344336212L, -758705598L, 1363096480L, 609398972L, 2002692560L, 
-12667550L, 1905810408L, 1290502092L, -1684941060L, -234758158L, 
-1945285504L, 1138432244L, 643536008L, -53082822L, 243884880L, 
538938476L, 1348399252L, 446486866L, 1354024672L, -1134780212L, 
-107745120L, 68546946L, -1283993368L, -17194772L, -1874608068L, 
1818239090L, -1995847568L, -1958323676L, -574086600L, -1539452390L, 
-1595017008L, -1594034628L, 1693701268L, 627614850L, 11988928L, 
-1982450372L, 1519167120L, 479444002L, -806967288L, 636269708L, 
1846994972L, 1540539538L, 1420008576L, -1930740716L, -2101267672L, 
-1445721030L, 1410710736L, 1111198828L, -1220331852L, 1935089682L, 
1957158880L, 2138149836L, 185890272L, -63759326L, -451799768L, 
383172876L, 1070603836L, -1043344142L, 757971184L, -740219068L, 
568885336L, -2143733190L, -295491344L, -1450069316L, 731542036L, 
-228700990L, 1200424544L, 2108216700L, 221064400L, -2128389086L, 
645204136L, -1339114100L, -841176644L, 652261426L, -1936221376L, 
-1363712332L, -370306744L, 596837050L, -1482598640L, -805738260L, 
-68364204L, 1151758098L, 1311007136L, -627929140L, -639256736L, 
-1328433982L, 881352232L, -365327956L, -1885015236L, -1904372878L, 
1461786416L, 1934084132L, 87023160L, -1434111270L, 1266460560L, 
-664638212L, -906652268L, -1178234046L, -1961874944L, 2013792316L, 
-1917064624L, 483475618L, 1818923848L, 882328076L, 1934873308L, 
-1424832430L, 1024232576L, -887640236L, -24420376L, 2021415674L, 
-445956272L, -1227140052L, -1295199884L, 381572754L, -1684039072L, 
1743984780L, 2002774368L, -1567110942L, -753466200L, 1075961548L, 
-1173632516L, 1478046642L, 2030443504L, -1259533884L, -129823400L, 
1865218426L, -494970448L, 1132839356L, -553324972L, 1106393538L, 
1196534560L, 588086204L, 1759989840L, -319331358L, -412858520L, 
-400064692L, -466391300L, -90992910L, -383701760L, 468313204L, 
764767752L, 415292858L, -1130928688L, 766906348L, 524741524L, 
610439378L, 956087392L, 669177164L, 49154848L, 603224706L, 133816808L, 
-1920146452L, -338266564L, -1583178126L, 1868706672L, 80129316L, 
1835252280L, -1172041318L, -1482455600L, 1972250044L, 1272235668L, 
-556793214L, 1485444544L, -1979609284L, 594121360L, -1624389854L, 
2136151560L, 1850819340L, 70523804L, -471931886L, -875252864L, 
-1789744364L, -288910040L, -2112393158L, -28994608L, -948158762L, 
932522851L, 26993445L, 841232578L, -1225507408L, 37912025L, 1399814987L, 
-1171641924L, -100726294L, 939396639L, 2142178473L, 57021502L, 
1543597356L, 1890277245L, 755832263L, -1930473296L, -750137650L, 
1145869307L, 730633309L, -581973110L, -144540760L, -1593116399L, 
1505103875L, -1040411900L, 1336323890L, -1240904313L, -131181615L, 
1099476310L, 778404660L, 1699577413L, 1834855055L, 860185608L, 
1326870566L, 1627189459L, -766541259L, -119389806L, -1904155296L, 
-156283703L, 324825083L, -1334259764L, -1875951014L, 1364148047L, 
-1156485607L, 369708078L, -1786867140L, -599380051L, -956962729L, 
566218144L, -1238343938L, -988463669L, 1736813517L, 1473732346L, 
692344120L, 222215905L, 2067632531L, -707692108L, 1910942402L, 
1520589527L, 1519061793L, -1615254810L, -1778594844L, 536603413L, 
-147950785L, -1075439912L, 603214582L, 613084419L, 1065092677L, 
-1515307422L, 943953360L, -2123963655L, 1752682539L, 377003932L, 
-1273278518L, -1698764609L, -1528440311L, 1922052894L, -520340788L, 
-1325223267L, -2015125721L, 1025552720L, -327499794L, 1188503707L, 
-1828615427L, 832893418L, 1543789192L, -1024447439L, 1685184163L, 
1387861668L, 1480570706L, -694870361L, -999595279L, -2110313930L, 
1489643220L, -154940827L, 298731631L, 340863656L, -702220282L, 
1113568563L, 810613141L, -1905080846L, -1342350784L, -2103037015L, 
1413459483L, -274651156L, 1411911674L, 1786819631L, -721812423L, 
-1625622962L, 1345390236L, 1189592077L, 1313505399L, 451381376L, 
269897438L, 289383851L, -1250789715L, 495536922L, 1487270872L, 
778612801L, 1856855795L, -816250604L, 1218925730L, 676975031L, 
1939297665L, 185508742L, -1751715388L, -745080587L, -815294113L, 
1859359672L, -922831210L, -1482653533L, -1151112603L, 1961820034L, 
-196832016L, -1872743L, 327943307L, 834473340L, -2138621014L, 
