.Random.seed <-
c(403L, 10L, 270884777L, 880160504L, -1722226138L, 1069581121L, 
-581883693L, -846885758L, 1840884404L, -910688713L, -714037971L, 
-554496444L, -522366102L, -509181995L, -111203985L, 1870980214L, 
2144612256L, -702203805L, -2003985151L, 1822044272L, 1796004878L, 
1795161209L, 913509387L, -1717525190L, -896109508L, -1153875073L, 
132288725L, 1115579628L, 350060098L, -1705848419L, 1420985367L, 
393468286L, 902397752L, 1618884635L, -1402979975L, -565157944L, 
537609206L, 2141820465L, -650203037L, -2005200846L, -1612780156L, 
1680856007L, -1370679651L, -1529627116L, 1227211962L, -338022139L, 
1818243807L, 2058215270L, -601016592L, -1295495661L, 1319995313L, 
312595040L, 552333310L, -141402231L, -1078134597L, 1180759178L, 
1914767212L, 1004000495L, -1146437851L, 1275931100L, -210430030L, 
237706925L, -1163880857L, -702618226L, 1030525544L, 796741227L, 
-77715447L, -1336387944L, 450859462L, -1157971679L, -144682573L, 
1564814626L, 484542228L, -1182171241L, -423387251L, 1469260452L, 
1748020362L, -1756773643L, 388293967L, 895824470L, -403468032L, 
630498371L, -1490360351L, -880687280L, 1867168174L, 1909421913L, 
1233649003L, -734747430L, 2121215388L, -1740287585L, -1983089675L, 
1521377932L, 1883678562L, 1159943997L, 1127313335L, -94618530L, 
1043968408L, -1672309509L, -998481767L, 1164890408L, -2051151914L, 
63865937L, 1226288899L, 626583186L, -873618396L, -229922073L, 
-75382979L, -2053881932L, 449127450L, -1593327771L, 1915232767L, 
-695833466L, -860426224L, 396571315L, 1131426129L, -1857842944L, 
-434138146L, 879902761L, 1282414555L, 768558314L, -1684692340L, 
1024540111L, -1106218619L, -344798660L, -11849966L, -1320283123L, 
-1876779193L, 1774427438L, -1867834232L, 415385995L, -1063399063L, 
-1472062664L, -516241946L, -626155135L, -2121321197L, 1952887490L, 
-713286284L, 195501431L, 1199810157L, 840575236L, -1787773910L, 
-1588915819L, -1643755985L, -588029130L, -1707369632L, 964829603L, 
-1797872959L, -871581008L, 1822520782L, -504747719L, 2066957643L, 
2108002042L, 247791612L, 1336508479L, -736020203L, 433406508L, 
9588482L, 1954323421L, -151382313L, -669425218L, -152615944L, 
966080475L, 1440713273L, -2057008248L, 1921432374L, -27121295L, 
-31837L, -422997262L, -1240796604L, -743809785L, -665508643L, 
1819480532L, -1686883078L, -1718145979L, -1421001569L, -1922343386L, 
-1512318288L, 682051411L, -1408400783L, 1456983968L, 1687807806L, 
-205410743L, 1953549051L, -1501955382L, -71390164L, 960082991L, 
-1053483803L, 1523389852L, -217819150L, 1636532845L, 602736551L, 
-1776453170L, -1458024664L, -2076998357L, -296032439L, 820325464L, 
-1148708602L, -708238111L, -908557197L, -483929886L, 138508372L, 
1285004631L, 1816177997L, -79859484L, -402346806L, -522452683L, 
386959247L, 1059542166L, 635673664L, 2007551235L, 310624545L, 
-877295088L, -784444946L, 1175389593L, -1936301525L, 1024660250L, 
-1957631524L, 649355231L, 413476789L, 2016428364L, -1481422942L, 
-1367609603L, -741130249L, -996652770L, -683871272L, 1017124155L, 
551973593L, -1738772888L, -1667141738L, 1175974498L, -1437735768L, 
-2057763764L, -740720772L, -235554510L, 2040463984L, 1867002692L, 
713440216L, -1789498502L, 572463152L, -68747332L, 2076740180L, 
-694751166L, -346331488L, 993206972L, 988177360L, -769583774L, 
-756302104L, 1770314956L, -599574020L, 1688280562L, 263396480L, 
-1961862668L, 1421615752L, 1941609274L, -1266850480L, 555738220L, 
1267576212L, 62842962L, -1932763680L, 458544332L, -125526368L, 
-1677479550L, 301760744L, 190212844L, -1150608068L, -2098157454L, 
35684976L, -886253020L, -145831880L, -249415398L, 1025696976L, 
1782225212L, 665924500L, 257062786L, -511628352L, -824986052L, 
1222869392L, 1055696930L, -1466307320L, 336398476L, 1350618908L, 
-781788014L, -1547285120L, 93466644L, -1995184344L, -1020328390L, 
-744535600L, -2079170196L, -2099061836L, -1911786990L, 1436006368L, 
1213962700L, -1036363552L, -288304094L, 724171560L, 607463948L, 
716821308L, -587733006L, -1766677776L, 927410756L, 2014582360L, 
-2083080390L, -1558022160L, 1545652924L, 1657398548L, 661204162L, 
-2021782432L, -1406706308L, -388358192L, -220427998L, 1513156264L, 
1841602444L, -1054767940L, 193966898L, 398874176L, 1818571956L, 
264817736L, -1724215878L, -593200624L, 1873349868L, -165973676L, 
343350034L, 1218987424L, 654111436L, 1491864160L, -1107466302L, 
-1117002968L, -269794900L, -292047556L, 1134216050L, -1302149840L, 
-929603804L, 1752884536L, -35322150L, 714872720L, 1174397692L, 
1025506196L, 754992194L, 1775226112L, -1914503108L, -779874992L, 
1911059618L, 1295743816L, -1942606068L, -1280430372L, 1368950610L, 
-404994432L, -1134333868L, -131447832L, -1142445318L, 1264930128L, 
-187951316L, 958892916L, -641236078L, -1693922720L, -157331572L, 
-1830070432L, -157778974L, 133630888L, -160027444L, 2050148860L, 
-323743822L, -1738072592L, -609796668L, -1266831016L, 1495942522L, 
-88564304L, -558185540L, 24864852L, -1547149374L, 179509280L, 
-514428740L, -145319344L, -970713118L, 1639243368L, 1824841292L, 
1581476092L, 1630908402L, -125606656L, 136420212L, -2030741496L, 
-1846187590L, -2096001584L, 1825068012L, -637834348L, -345060398L, 
1566764896L, -694716084L, -955014880L, 1597468546L, 696864488L, 
939473132L, 1991261756L, -237853838L, 2053097072L, -1069945820L, 
1467539256L, -144342886L, -739670320L, -308304708L, 27495060L, 
-1962419582L, 463818944L, -1647090372L, -504854384L, -975421918L, 
-1878492664L, 1265898764L, 62939804L, 1738511890L, 1145008512L, 
-906010092L, -2074870232L, -1511177926L, -1742480432L, -107999636L, 
-495584460L, 1250734738L, 28509536L, -377703092L, 1993122784L, 
-206807134L, -687038552L, -251629684L, 1595177660L, -1539859598L, 
908099824L, 1605340228L, -716083880L, 855920698L, 1788920688L, 
-607300548L, 176319252L, 2008698306L, -1183249184L, 250738556L, 
-1228040496L, 42113698L, 1820578856L, -397360884L, -1262433348L, 
-474249934L, -410191936L, -399972812L, -1335399480L, 99951802L, 
-1385052272L, -472733204L, 513840212L, -1719362926L, 1030384416L, 
-473800244L, -1963893792L, 1511872194L, 559453736L, -1903907156L, 
-346361905L, -1186934375L, 1042915758L, -610017604L, 248991533L, 
95284439L, -808577760L, 18317950L, 1335610443L, 2095504973L, 
561710202L, 1170105528L, 1909788257L, -1357450221L, -679542220L, 
158721090L, 1505647703L, -2019215455L, -1498822554L, -1783164828L, 
-174871659L, 3431615L, 533220440L, 1498609782L, -1898944381L, 
-671102779L, -1206008350L, 681880656L, -469301895L, -552699221L, 
-677436900L, -444990134L, 15656255L, 1542448009L, -1565697122L, 
-383174068L, 2039634973L, 2070345127L, 998148304L, -366994834L, 
1827161371L, 1013005949L, -483406742L, 1972599048L, -1686016591L, 
-905754077L, 261680932L, 1139496914L, -120392665L, -582701455L, 
-284126026L, 463656020L, 143977701L, -1576249105L, -1681765336L, 
-126551930L, 838435507L, -831421419L, 996677234L, -416116032L, 
872249129L, 1434482075L, -617426324L, -947845510L, 246085551L, 
245650105L, -794575666L, 520640028L, 1307929997L, -1183237129L, 
-1684373760L, 1721324894L, 2086010411L, -1867026131L, -1549480550L, 
1590270808L, -1350868287L, -1760180877L, 498538132L, -1432329438L, 
1521774135L, 1549204225L, -1873952250L, -1018404796L, -115347083L, 
933418207L, -120575944L, 20869142L, 2142347299L, -1274249243L, 
-1435596286L, -1141172112L, -1504661991L, 896512011L, -1448072452L, 
1877457706L, 961703263L, -1016863511L, 1786246142L, -945614868L, 
-1122739395L, -1385392377L, 2068074224L, 845409934L, 330377403L, 
1298488477L, -1433759670L, 987918952L, -468861359L, 1243219267L, 
1098150980L, -485460238L, -298778937L, 1330611345L, 2109307414L, 
-1293047692L, -1090426107L, -629227185L, 112231240L, -454823194L, 
509699091L, 870259573L, 343898962L, 1533209504L, 411205257L, 
-1416230213L, 1347514636L, -1485763430L, 1892782607L, 905541209L, 
1620019950L, 587530620L, 988197357L, -1271021929L, 15178080L, 
-1522295490L, -481145333L, -322684275L, 977237946L, 964560376L, 
